11742
7393
93118
6643
264852
13065
81259
2879
18062
67174
76013
79717
82343
7381
448537
76302
192197
2286
5930
84677
94483
8571
919792
4766
8372
31728
102724
4602
4912
66494
14010333
4764
31315
61972
5702161
8570
38852
62753
5281708
23686673
441334
5280443
5280863
5280961
12472902
449459
3571576
4534
71398
8569
115089
3341
64819
93221
3220
10187
10288
3037
67172
2787
10208
60196312
2202
4115
11289
91620
7210
441333
40399
154256
6296
7571
1550232
54900
72276
9409
833466
2406
2898
3598
8546
10168
142766
107882
5281764
6282
2391
3503
325003
5281855
5392
60196351
8269
214348
5281769
3259
320930
5468154
26391
5280805
5281613
6321225
30231
443831
65064
53477580
10621
60196271
16129778
122797
12305761
10255083
73111
62630
83511
5281771
16051918
153751
5284623
10607
56801
60196291
36462
16051954
68654
16129710
12961638
8505
108150
16052015